0011001011100010010110100011110110000010111111100110110111111011100110100001001111011111011011001101
1111100111010101101001010100010110111010001111001001010110110010010100001010110101111001101111110110
1011110101111111111111000010010010000110100000111111110001000110100000101001101100110101101000011011
0001000011100110010001110001100000110101011010010000000111001010000001100000110001000111010110001001
0110000100100011100010010010111011100000010001011110011101111001111001011001011100101110001010010110
0011010110111000101100111111111010100100011010011101010111000110011110111100100101100101001111000101
1000010110001100011011100010100110100110111010111011100100011111011001011000001100110101110101010011
1000110101111000100101001011011101011001100100001101010001011010100100010111110100111101000111100101
0111100000001000111011010001100000000000111000111110000000110010111101111110011010100110010000111110
1100000010111100010011111111110101010011010110101111000101010110110111100010110001010110101111010010
0100011110000110111011011011000100110101111001111101101111000000000001001101100101110011100101001110
0001111010101001111111000110000011100000110001101000110101000111101110011101111111011100100011111000
1101100010011111100000110101101000110011111010001001001000111001010101000101110010011100001110000001
1010001000010010100101000110111001000101010010101110010010111000010101110111011010011000001100111101
0000010001110101010111101011011011011101110100111110000100110001000001110000100001011011101111110011
0110010010001101000110110000010001111100001110001000001010001101001100110100110011011111110011011010
0110110010010111001111011101100100111100011000011101000010001100011101001101000110000000011110010111
1000000111010110000010111101010001001110011010010000000010100000111100000000000001000101010010000111
0000000001001010001110001110011010010000101100100000110001001000011010000111111011000101111100001011
1101001100100011011100100110100000111000011110001100101011111100100110100111010000011111001101010111
0011010100100100000100110000001011101001111011001101111110001111100110101111111001101001010000110110
1011010100110011011101000101100101110011111101101001011101101010111111111111001100110100101101000011
0010010111110101100100110010000100000010110010100011001011111101100101101111010100111011100100000100
1101110010111000011110111000110110110101110010110001110101101101101111011001011010111100011101110110
1100101001011111000001111001011001100010110100011011110110000101111000110100110010000101101100001001
0010100101010000101010111011110010010000101100100100011010110101100101000110011100011111101000010110
1010001111010001111001000110110111000100011010110010100101100111000011111101111111111111101100010101
1100011110110111011010010100101011111010001110101000000001001111110011100111110000011000000001111110
0101101111000101010100111000001001101100010101001000011001001011100010110111011110000100110111011110
1101000100001101110101100011111101011101111110111011011101110111110100001011011101111000111000111110
1100100000100011000111011101110101010001000101010011001000111111100000000100101101010100011111010001
1111011001011010010011100111001011101000111001111110100111010000111011000101010001000000101010000111
1000110001000100110110100000110000010111111111111001000110100100010001100011010111000110011101110000
1111111100100001100110001001111110010111100001110111011101100110111111001000000001010111010011110001
0011110101001000101111111000000101101011001110111101010111000100111110001000010001011111110111101111
0111011011010010000010101110100000111001000101011000111100011001010101001000010011101111000111010100
0101110001101100010110010011101010101000010011110000011010111011010010000010110000001010000000001001
1110111010101101000111000111001100111000011111010111110010010110011101111000010111001101111111010000
1101101001001101110011001001001111010110111000000011000001101100110001000001110111101010010101101010
0001101000111111000110111000111101101101100100100100101011110111001000000101111011010111101101000101
1000100000011010001010100000001000011100111110010100001100100100011000100111100100111011100101100000
0101110001100110010000011110010001001001100111011100010001010101001001100110110111010101110001010101
1111011110110110001010001110000100011000000101110100101010111000110101101100001000111000000111011001
1001000010010111111100001101110011111110100010001101011000001100001011101101110000110011100000100111
0011101001101000110100000011010001001011010100010001101101001101011001010001110101101110010110001011
0001001100000111111000001001010110001101101000001101000001000111101011101000000011110101001101000110
1011111010011110010000101111001111101010001010010011101011011110001111001011011110010000101110001010
0011111001111110011100000110001011011110010001010101000000010010011110101110110101001000101000011001
0000011100001011101010000100000100011010111101110100110010001000111111001000001000000110011010010010
1110001010100010110100101011100111101110111111010011100000001111101001001011110001000011011000110111
0110100111100000000010100011110010100001110101001111100011100110011111101011110000111101011101101101
1101010101100111010101011000111100110101110010011000100011011100010011100010011110111101101100100101
0001010000111111000110011001011011001110011011000010110001000110110100111110000000000011001111111100
1101101110000100101100110101011011111100101111010101100010100010000100111100011010000100100101000100
0100010011000101101000101011011100010101000000000001001110010000010111010110100000000101011000111110
1011110100000110001001100100000001010001010011111010000111001101000101001111010101111010010101100111
1111100000111111011000010100101001111111111101001101000011100010010011101100000110000101101110101111
0001011111110011011101111110000000000110100110101010011010100110011000110110011010110011100011111000
1100011101001011110110101110100110001111111001010011001110100001100101010000100101011001110110011111
0001011110000100111100101110101111110110011000100010000110011011110110011100000100100001000001011001
0110110100100010101101101111101111010100101110101110100100001011001011100101101000111010000100111000
1110110000000110101011000110101000101000010011110111000000110000000111111011000000100100011111100110
1000101000100010110000010110111010011100101101110001011000100111001111100010011110100111100101001000
1111000101001001101000011100011110011000001001111111010000101000001010101101110000110110100000101100
0101011011111111010001100110100110010101000111001101110010100000101010101000100111000010000110100010
0100000110010111001101011111110000100001010111111101011011101011010000101011101110110100101000110011
1110100010011110111000001011000111100101000110101111011111011100010000001011110011100101101011101101
1011110101111101111110100110101101111100001100011010110110001011001000111000111010100110110101011100
1101010010000010000000010001001000110010110100000010110010100011000000100100111100101001101000010010
0011110010111100110010010001100110100010110100010110010110001001101111101000000101101001100011111100
1100100001110001110011111011011011101001111010010000000010011010111110011111111011011101001001001110
1001010100011110110000001010000111010011111111111101110100100000100010100001110101100100011111001000
1100001011100000111101100110110010100010110110110001100100101010001010101100011101110011000100001010
1100110110010000001111100111000110111011110110110110011011011011110000100010101101100110000011010001
1100100111011010101001011110000011010011001011100010000111101000001000110101000000001100010010000000
0100100100011100111011100011000110000100011100101000100011101000001100001011011100010000011011111100
1100011011010111110010110110101101110111001101111110110000100011100000010011110001010111001100011010
0101111100001010110100001011110110000110001001011010100110010011100100011001111100011100001011000001
0001100101010110010100111001000011101110011100101100110010000111110011111000101100000110011011010011
0111000000100111011000000111010111010101000101000011100000110100101100001010100000110111011011101101
1101001101101011111000011010100010101001000000010001110001000000010100011110010110000101000101111001
1001001000001011101000111010011000011001001010011011100110011110010100101001110110111001101000100101
0011110111011100000011100100110110111010101111100110100100011010110000000001011100100101110110011011
1110100010101110001110000101011101100101011011001100110001001000111100111100001000010101000111100101
0100101110001011001000110100100011010110001110000000111110101110001111101110000010001101011010011111
0101110010010001111011110100011011000101110100001110001110010000100000101100101110000111101010000000
1111100111000000001101110011100000101011000000100111010100111010100001010111100011000101011100010101
0100010010101011101100010001011110000000001010101111010100101101001111101011010001001101110111000101
1111101110100010011000011110001011011110000110000100001000010100111100110001011110101011111011001011
0001001110000001111101110111111010100011110000111000100010001001010110110101100111101010010111100010
1010111110100001100011110011011101111011011101100101110100100010011001000001011000100111000011000010
0100111111010010001100000000111110100011000101110110111100000110110011000011100101000000011011010100
1100011110101101010111100111001011111110101011010000000001011001011001011101001110100001110111100010
0101100110010000010011110110010100110001000000000010000011101010110011100000011000011101001101111110
0101110101111100011110101101011010101101001110011100110100100101110000010100101111111101101101111101
1100110000011100101110100101001101010010011011100110110011101010100010101010001100011011001101100001
1000111001101010010100101101110011000100101111110001110010011000011010001100111010111110000100110110
0010111110000001000111001001100000000101101010111010111101111111110010100000011101111100100111110001
1000010000111100001110111010100010000111011110010011011111001010000100100001110101101010001000101101
